     #       wl_eff      surface    bandpass1  conv_AB
___________________________________________________

     1      102.021      156.673      108.324     -NaN
     2       98.358      160.185      106.301     -NaN
     3      101.762      157.855      108.380     -NaN
     4       99.550      164.312      108.128     -NaN
     5      115.136      186.067      125.087     -NaN
     6       97.363      161.085      105.877     -NaN
     7      374.295      705.544      424.799     -NaN
     8      390.288      737.534      443.280   38.356
     9      443.530      834.502      503.281   33.939
    10      472.080      887.378      535.595   28.743
    11      504.273      946.461      571.944   25.723
    12      652.898     1212.381      738.625   15.765
    13      621.962     1165.013      705.241   19.924
    14      777.714     1444.238      880.001   12.436
    15      633.784     1197.432      720.320   18.170
    16      330.073      622.672      374.590     -NaN
    17      578.086     1102.804      658.625   20.985
    18      388.438      747.909      443.353   38.407
    19      268.955      524.412      307.715     -NaN
    20        7.338       10.286        6.943     -NaN
    21       12.880       17.754       12.606     -NaN
    22       13.803       20.000       13.787     -NaN
    23       15.257       23.122       15.536     -NaN
    24        8.254       12.639        8.108     -NaN
    25       23.582       34.263       24.055     -NaN
    26       12.300       20.342       12.714     -NaN
    27        7.338       10.286        6.943     -NaN
    28       14.052       18.911       13.826     -NaN
    29       13.803       20.000       13.787     -NaN
    30       12.729       17.946       12.833     -NaN
    31       13.110       19.851       13.248     -NaN
    32       21.887       32.149       22.360     -NaN
    33       21.887       32.149       22.360     -NaN
    34       29.428       43.510       30.367     -NaN
    35        7.338       10.286        6.943     -NaN
    36       12.311       17.062       12.043     -NaN
    37       13.803       20.000       13.787     -NaN
    38       23.762       33.562       24.005     -NaN
    39       20.678       31.074       21.247     -NaN
    40       23.182       35.939       24.147     -NaN
    41       18.516       24.928       18.243     -NaN
    42       23.501       31.723       23.345     -NaN
    43       29.551       40.182       29.597     -NaN
    44       35.489       49.044       35.888     -NaN
    45       18.069       26.667       18.369     -NaN
    46       25.730       37.536       26.344     -NaN
    47       32.299       46.861       33.179     -NaN
    48       36.987       54.802       38.370     -NaN
    49       31.108       48.754       32.762     -NaN
    50       37.342       59.478       39.675     -NaN
    51       13.095       16.958       12.538     -NaN
    52       14.629       19.383       14.286     -NaN
    53       17.193       24.231       17.175     -NaN
    54        9.489       13.538        9.222     -NaN
    55        7.901       10.988        7.507     -NaN
    56       27.438       42.647       28.736     -NaN
    57       19.170       31.397       20.179     -NaN
    58       17.030       24.886       17.217     -NaN
    59       17.030       24.886       17.217     -NaN
    60       12.570       19.049       12.677     -NaN
    61       25.409       35.878       25.712     -NaN
    62       11.790       19.402       12.138     -NaN
    63       23.276       38.476       25.414     -NaN
    64       28.253       45.437       29.929     -NaN
    65       56.971       84.616       59.522     -NaN
    66       29.785       51.657       32.304     -NaN
    67       58.521       96.703       63.313     -NaN
    68      106.157      138.637      106.226     -NaN
    69       67.428      105.171       71.744     -NaN
    70       16.260       22.061       15.989     -NaN
    71       25.261       39.509       26.451     -NaN
    72       40.609       61.085       42.412     -NaN
    73       43.964       65.455       45.813     -NaN
    74       11.540       17.222       11.525     -NaN
    75       14.706       22.366       14.967     -NaN
    76       17.770       27.969       18.429     -NaN
    77       17.770       27.969       18.429     -NaN
    78       17.770       27.969       18.429     -NaN
    79       17.770       27.969       18.429     -NaN
    80       21.918       32.023       22.352     -NaN
    81       22.011       34.737       23.020     -NaN
    82       34.897       54.340       36.764     -NaN
    83        2.541        2.860        1.913     -NaN
    84        9.632       16.311        9.845     -NaN
    85        2.538        2.868        1.913     -NaN
    86        2.525        2.911        1.914     -NaN
    87       12.061       21.665       12.727     -NaN
    88        7.089       11.493        6.974     -NaN
    89       31.880       55.148       34.606     -NaN
    90       20.170       23.584       19.350     -NaN
    91       15.935       19.941       15.452     -NaN
    92       27.344       27.788       25.361     -NaN
    93       18.386       21.953       17.678     -NaN
    94       10.867       17.038       10.976     -NaN
    95       11.540       17.222       11.525     -NaN
    96       13.463       21.141       13.870     -NaN
    97       11.390       17.917       11.550     -NaN
    98       10.817       17.281       10.982     -NaN
    99       10.192       16.898       10.408     -NaN
   100      105.640      172.301      114.435     -NaN
   101      107.213      165.505      114.109     -NaN
   102        9.413       13.867        9.237     -NaN
   103       12.024       18.278       12.107     -NaN
   104       14.681       22.479       14.972     -NaN
   105       11.912       18.795       12.124     -NaN
   106       11.912       18.795       12.124     -NaN
   107        9.218        9.160        7.794     -NaN
   108        5.131        4.575        3.947     -NaN
   109        9.192       10.392        8.750     -NaN
   110       13.457       18.431       13.159     -NaN
   111       10.069       13.866        9.865     -NaN
   112       12.513       16.189       12.027     -NaN
   113        6.759        9.656        6.382     -NaN
   114       60.994       83.328       61.411     -NaN
   115       14.307       13.165       13.158     -NaN
   116       12.349       16.917       12.033     -NaN
   117       10.583        9.840        8.855     -NaN
   118       10.583        9.840        8.855     -NaN
   119        8.929       10.222        7.867     -NaN
   120        5.154        4.550        3.910     -NaN
   121      111.152      125.896      115.332     -NaN
   122      110.676      142.412      115.654     -NaN
   123      108.944      154.044      115.636     -NaN
   124      106.186      146.226      115.978     -NaN
   125       12.476       19.479       12.692     -NaN
   126        9.876       15.021        9.820     -NaN
   127       78.089      129.831       84.015     -NaN
   128       13.791       16.409       13.125     -NaN
   129       59.347       97.901       64.270     -NaN
   130       85.809      146.415       94.588     -NaN
   131       15.521       24.930       16.153     -NaN
   132       34.650       56.323       36.522     -NaN
   133       34.673       55.790       36.583     -NaN
   134       10.583        9.840        8.855     -NaN
   135       10.583        9.840        8.855     -NaN
   136       16.526       23.934       16.637     -NaN
   137       19.409       30.288       20.142     -NaN
   138       30.447       16.151       15.236     -NaN
   139       15.538       22.136       15.450     -NaN
   140       76.343      116.907       80.832     -NaN
   141       94.820       94.994       83.329     -NaN
   142       86.501      113.086       86.485     -NaN
   143       79.975      111.576       81.964     -NaN
   144       15.352       22.712       15.517     -NaN
   145        9.853       15.086        9.831     -NaN
   146        9.316       14.316        9.252     -NaN
   147        8.875       13.042        8.667     -NaN
   148       59.112       90.661       63.574     -NaN
   149       36.238       61.137       39.128     -NaN
   150       59.381       99.520       66.253     -NaN
   151       12.038       21.774       12.728     -NaN
   152       13.549       24.711       14.457     -NaN
   153       15.061       27.641       16.186     -NaN
   154       22.892       37.258       24.197     -NaN
   155       20.418       32.213       21.299     -NaN
   156       32.907       53.588       35.115     -NaN
   157       24.277       40.781       25.947     -NaN
   158       11.981        9.991        9.856     -NaN
   159       11.728       16.429       11.484     -NaN
   160       13.256       19.221       13.218     -NaN
   161       13.281       17.194       13.333     -NaN
   162       12.500       19.370       12.689     -NaN
   163        5.131        4.575        3.947     -NaN
   164      107.510       60.876      116.788     -NaN
   165      107.800       73.210      113.332     -NaN
   166      108.582       98.752      114.579     -NaN
   167      110.667      125.737      113.809     -NaN
   168      109.807      146.262      115.587     -NaN
   169       47.152       50.336       42.701     -NaN
   170       46.022       48.636       41.696     -NaN
   171       47.153       50.345       42.698     -NaN
   172       47.152       50.336       42.701     -NaN
   173       47.152       50.336       42.701     -NaN
   174       47.152       50.336       42.701     -NaN
   175       53.432       30.609       58.159     -NaN
   176       58.577       68.750       55.717     -NaN
   177       70.636       93.112       70.748     -NaN
   178       96.875      102.355       87.723     -NaN
   179       94.724      101.341       86.341     -NaN
   180       92.342      153.596      102.657     -NaN
   181       90.511      149.903       98.404     -NaN
   182       41.905       49.171       43.321     -NaN
   183       28.827       46.081       30.495     -NaN
   184       56.725       85.605       59.586     -NaN
   185       54.178       87.140       58.072     -NaN
   186       61.359      100.073       66.154     -NaN
   187       70.708      116.185       76.523     -NaN
   188        4.712        5.985        4.114     -NaN
   189        5.106        7.463        4.668     -NaN
   190        5.626        8.251        5.256     -NaN
   191        2.552        2.822        1.912     -NaN
   192        2.550        2.827        1.912     -NaN
   193        6.775        9.663        6.379     -NaN
   194        7.249       10.807        6.941     -NaN
   195        6.729        9.858        6.381     -NaN
   196       10.400       15.867       10.388     -NaN
   197        7.046        8.537        6.344     -NaN
   198        7.462        7.262        6.157     -NaN
   199        7.462        7.262        6.157     -NaN
   200       32.117       50.672       33.920     -NaN
   201       32.396       52.653       34.538     -NaN
   202       33.728       56.407       36.299     -NaN
   203       66.657      108.553       71.897     -NaN
   204       11.155       16.137       10.883     -NaN
   205       81.888      121.740       84.608     -NaN
   206        7.338       10.286        6.943     -NaN
   207       13.452       18.440       13.167     -NaN
   208       89.666      144.007       96.548     -NaN
   209       91.900      129.423       94.423     -NaN
   210       97.085      129.026       96.662     -NaN
   211       75.212       96.176       73.004     -NaN
   212       75.665       92.964       72.412     -NaN
   213       19.639       22.884       18.777     -NaN
   214       15.935       19.941       15.452     -NaN
   215       27.344       27.788       25.361     -NaN
   216       18.386       21.953       17.678     -NaN
   217      106.764      167.394      114.211     -NaN
   218      107.204      165.532      114.111     -NaN
   219      107.988      162.350      113.915     -NaN
   220      110.209      153.945      113.243     -NaN
   221       70.621       93.632       73.123     -NaN
   222       63.222       72.516       63.127     -NaN
   223      187.733      245.534      195.114     -NaN
   224       26.848       42.061       28.173     -NaN
   225       27.785       35.613       27.160     -NaN
   226       41.238       58.618       42.238     -NaN
   227       53.237       84.918       56.901     -NaN
   228       52.308       89.225       57.050     -NaN
   229       42.561       65.165       44.748     -NaN
   230       53.448       83.994       56.859     -NaN
   231       26.396       44.159       28.245     -NaN
   232       20.814       33.677       21.894     -NaN
   233       51.820       64.845       50.647     -NaN
   234      174.334      202.265      165.918     -NaN
   235      170.000      214.906      168.166     -NaN
   236      171.264      211.059      167.560     -NaN
   237      177.263      194.530      164.122     -NaN
   238      174.558      201.651      165.789     -NaN
   239      169.688      215.880      168.310     -NaN
   240      172.572      207.222      166.890     -NaN
   241      176.883      195.500      164.368     -NaN
   242      171.264      211.059      167.560     -NaN
   243      178.186      192.214      163.508     -NaN
   244      176.604      196.219      164.546     -NaN
   245      176.604      196.219      164.546     -NaN
   246      187.876      170.857      155.606     -NaN
   247      171.541      210.234      167.422     -NaN
   248      165.450      230.000      170.020     -NaN
   249      160.467      249.167      171.475     -NaN
   250      174.334      202.265      165.918     -NaN
   251      158.962      255.597      171.798     -NaN
   252      160.145      250.514      171.548     -NaN
   253      165.450      230.000      170.020     -NaN
   254      165.157      231.045      170.122     -NaN
   255      158.442      257.898      171.897     -NaN
   256      164.343      234.000      170.395     -NaN
   257      170.434      213.571      167.963     -NaN
   258      168.907      218.349      168.658     -NaN
   259      173.756      203.864      166.246     -NaN
   260      156.706      265.890      172.183     -NaN
   261      167.667      225.000      169.969     -NaN
   262      135.058      205.357      143.198     -NaN
   263      220.048      311.111      227.778     -NaN
   264      132.721      215.278      143.713     -NaN
   265       51.981       94.444       57.707     -NaN
   266      154.000      283.019      173.103     -NaN
   267      127.590      240.809      144.305     -NaN
   268      105.762      175.000      115.079     -NaN
   269       78.273      137.500       86.487     -NaN
   270       78.027      138.750       86.511     -NaN
   271      104.030      183.333      115.314     -NaN
   272      220.048      311.111      227.778     -NaN
   273      102.419      191.837      115.438     -NaN
   274      141.884      256.094      158.629     -NaN
   275       63.819      123.117       72.171     -NaN
   276      170.697      270.769      183.733     -NaN
   277       64.018      121.966       72.166     -NaN
   278      114.755      217.716      129.882     -NaN
   279      267.094      416.000      286.181     -NaN
   280      263.325      429.110      286.284     -NaN
   281      214.889      331.034      229.265     -NaN
   282        7.938       10.833        7.499     -NaN
   283       16.337       21.778       15.964     -NaN
   284     1334.334     2083.333     1433.721   10.426
   285      750.495     1155.000      802.206   12.979
   286      738.985     1204.000      804.713   13.086
   287      738.985     1203.994      804.713   13.086
   288     1078.344     1635.439     1164.352   10.857
   289      528.334      844.557      576.839   25.223
   290      314.649      292.662      304.147     -NaN
   291      314.649      292.662      304.147     -NaN
   292      205.368      180.294      195.707     -NaN
   293      329.007      183.119      287.600     -NaN
   294      328.341      182.929      286.995     -NaN
   295      329.007      183.119      287.600     -NaN
