     #       wl_eff      surface    bandpass1  conv_AB
___________________________________________________

     1     3655.904      564.900      423.279    0.723
     2     4624.694     1296.667      970.570   -0.033
     3     6166.832     1190.300     1197.500    0.128
     4     7941.589     1717.383     1082.281    0.433
     5     6680.047      526.294      549.788    0.245
     6     4569.361     1302.400      904.069   -0.066
     7     6694.408      492.875      384.230    0.265
     8     3606.124      619.908      445.999    0.811
     9     4626.935     1284.310      973.641   -0.035
    10     6166.899     1190.476     1197.421    0.128
    11     7941.319     1742.672     1124.750    0.433
    12     3651.963      542.650      402.882    0.745
    13     4448.065     1010.300      726.845   -0.086
    14     4416.533      974.100      723.852   -0.083
    15     5504.668      870.650      734.550    0.024
    16     3573.513      563.308      413.544    0.910
    17     4462.706     1022.167      742.672   -0.083
    18     5554.093      873.596      736.313    0.031
    19     4437.488     1033.503      782.151   -0.068
    20     5417.879      846.991      654.682    0.010
    21     6711.881      996.795      899.422    0.248
    22     1405.444      314.128      240.955    2.961
    23     1751.209      424.128      331.717    2.144
    24     2200.106      532.097      419.679    1.913
    25     2750.263      637.991      504.350    1.631
    26     1553.837      299.940      222.490    2.412
    27     1913.305      312.080      288.477    1.984
    28     2462.219      435.040      387.283    1.847
    29     2986.225      465.500      404.333    1.432
    30     3317.386      539.059      394.772    1.214
    31     4252.629      824.160      573.049   -0.045
    32     6939.517     2070.000     1507.179    0.256
    33     8780.656     2316.000     1738.288    0.500
    34    12487.812     3193.549     2396.040    0.895
    35    21951.166     5785.000     3544.746    1.863
    36    34370.898     7010.000     4708.669    2.694
    37     7064.539     1500.900     1025.509    0.304
    38     7486.837      990.700      658.924    0.375
    39     7081.382     1697.084     1364.523    0.292
    40     7038.766     1441.496     1030.318    0.300
    41     3592.613      519.150      376.085    0.894
    42     4657.850      555.578      485.667   -0.092
    43     6407.670      427.350      304.031    0.218
    44    16500.000     3010.000     1739.706    1.396
    45     3600.924      629.366      444.348    0.826
    46     4603.271     1514.283      936.332   -0.049
    47     6645.826      538.687      410.165    0.256
    48     7981.671     1626.402     1007.331    0.440
    49     6280.397     2903.523     2018.414    0.111
    50     8264.970     1553.914     1096.125    0.470
    51     5140.848      952.709      761.541   -0.033
    52     6717.609      867.465      787.806    0.251
    53     8093.209     1695.981     1154.251    0.448
    54     9198.074     1793.003     1497.109    0.536
    55    12509.590     1706.534     1105.306    0.933
    56    16366.492     2641.554     1653.632    1.382
    57    22243.971     3614.577     2337.618    1.907
    58    22243.971     3614.577     2337.618    1.907
    59    22243.971     3614.577     2337.618    1.907
    60    22243.971     3614.577     2337.618    1.907
    61     4570.394     1214.290      898.107   -0.020
    62     6557.844     1307.023      840.842    0.219
    63     8615.075     1687.448     1388.157    0.497
    64     1550.000      151.000      150.000    2.331
    65     1806.750      119.427       86.506    2.046
    66     2200.000      201.000      200.000    1.900
    67     2493.000      151.000      150.000    1.866
    68     3293.087       96.333       56.638    1.228
    69     3400.000      300.000      174.404    1.184
    70     8525.000     1500.000      866.266    0.502
    71   116861.094    62899.770    41555.820    4.953
    72   243379.750   104809.516    72918.859    6.573
    73   622165.500   302667.969   217082.516    8.488
    74  1021898.188   331994.969   254266.766    9.728
    75    16464.361     2862.626     1726.779    1.392
    76    12369.874     2034.043     1469.598    0.908
    77    22105.371     3705.102     2361.363    1.895
    78    34840.746     4595.455     3353.632    2.734
    79    38314.680     5393.814     3464.984    2.919
    80    47336.098     3568.000     2882.573    3.341
    81   110999.984    12935.899    10275.051    5.078
    82    84000.039    12785.452    10155.593    4.487
    83     4860.723      552.810      395.752   -0.064
    84     6690.266      927.843      635.760    0.252
    85     8006.451     1310.105      845.191    0.451
    86     9192.530     1592.755      955.005    0.537
    87     8906.334     1092.138      812.977    0.527
    88     6011.378     3658.696     2824.928    0.062
    89     6243.707     4370.000     2897.373    0.117
    90     4360.827     1089.997      736.766   -0.020
    91     4357.689      986.842      699.272   -0.049
    92     5571.051     1116.026      854.116    0.034
    93     6411.904     1725.675     1414.788    0.167
    94     7906.274     1321.951      873.212    0.437
    95    21032.092     3598.455     2722.821    1.791
    96     5875.757     4015.937     3058.839    0.135
    97     4373.373     1654.916     1069.125    0.131
    98     6584.312     4409.773     3028.458    0.157
    99     6570.454     4349.691     3113.065    0.240
   100     6697.097     3577.038     2458.130    0.147
   101     6563.762     4456.667     3493.263    0.329
   102     4382.177     1007.953      725.810   -0.054
   103     5566.396     1147.336      943.898    0.032
   104     6584.234     1674.693     1324.924    0.204
   105     5481.183     1019.685      750.501    0.021
   106     4260.480      805.440      513.747   -0.076
   107     6475.912     1308.343      776.524    0.203
   108     4334.154      886.651      552.179   -0.089
   109     4380.718     1829.809     1193.349    0.175
   110     5422.056      844.704      535.186    0.009
   111     5467.016      832.500      524.467    0.017
   112     6495.637     1269.149      751.279    0.206
   113     8326.123     1917.657     1129.827    0.473
   114     8319.717     1913.019     1127.810    0.472
   115     6409.331     3990.425     2984.887    0.213
   116     6298.610     4098.837     2952.397    0.211
   117     6571.508     1681.395     1297.754    0.202
   118    22384.828     3593.590     2342.930    1.918
   119    15050.500    29900.000    17281.496    3.963
   120     5458.640     1443.925     1049.369    0.010
   121     8010.457     1451.125     1340.891    0.428
   122     3009.779      853.669      794.805    1.449
   123     4575.190      878.043      790.496   -0.056
   124     6038.862     1882.057     1262.922    0.109
   125     6944.763     1642.000     1217.673    0.274
   126     6730.651     1168.000      747.697    0.255
   127     3346.225      472.959      316.206    1.212
   128    15936.410     3848.868     2311.217    1.316
   129    12532.466     2651.326     1693.868    0.922
   130    16514.852     2902.950     1736.638    1.397
   131    21637.975     2724.225     1636.930    1.866
   132    21187.887      192.206      126.743    1.838
   133    21418.641      220.147      143.724    1.856
   134    21606.957      224.638      147.318    1.872
   135    16524.459     2734.337     1670.254    1.400
   136    12475.939     2514.024     1665.379    0.917
   137    22210.918     3839.189     2389.135    1.904
   138    21633.107     3078.977     1896.048    1.863
   139     6350.482     5278.415     3519.950    0.244
   140     4413.084      959.200      717.507   -0.082
   141     5512.104      893.100      728.104    0.025
   142     6585.921     1591.000     1282.209    0.205
   143     8059.882     1495.100      924.601    0.455
   144     5934.866     4350.000     3148.255    0.136
   145     3584.707      495.901      679.197    0.959
   146     4230.141      956.149      722.216    0.006
   147     5498.251     1147.030      859.044    0.026
   148     6622.500     1652.705     1470.038    0.206
   149     8000.684     1474.040     1173.214    0.444
   150     3649.831      361.308      338.587    0.852
   151     4272.285      850.979      602.960   -0.049
   152     5541.044     1117.158      812.729    0.033
   153     6608.471     1491.834     1300.288    0.212
   154     7888.485     1232.686      901.574    0.436
   155     5065.377      787.754      484.629   -0.033
   156     3652.751      373.944      286.985    0.849
   157     4593.148      864.814      580.147   -0.097
   158     5376.896      793.786      526.616    0.003
   159     6503.534     1502.254      946.434    0.203
   160     8625.518     1422.666     1269.675    0.504
   161     9599.803      509.545      378.566    0.551
   162     9053.886     1168.914      951.186    0.535
   163     2018.169      143.806      162.588    1.898
   164     3523.768      587.708      397.942    0.998
   165     4798.006     1327.291      852.544   -0.073
   166     6258.645     1333.650      808.758    0.164
   167     7655.315     1345.910      899.276    0.395
   168     8984.980     1193.529      924.301    0.531
   169     5554.315     1022.051      721.909    0.033
   170     7429.210      692.216      471.833    0.372
   171     8607.828      631.303      461.251    0.524
   172     3725.000      460.000      450.000    0.643
   173     4250.000      510.000      500.000   -0.110
   174     4331.592      945.930      586.891   -0.080
   175     5369.987      902.606      577.075    0.010
   176     6594.536     1199.059      761.380    0.226
   177     8262.681     1941.264     1205.236    0.461
   178    10866.213     4590.561     2754.916    0.681
   179     6811.052     4147.222     2838.508    0.146
   180     6695.868     4076.948     2801.777    0.134
   181     3659.269      501.397      384.962    0.742
   182     4340.813      814.250      554.387   -0.086
   183     5429.196      820.000      543.013    0.012
   184     8068.597     1605.435     1131.623    0.445
   185     4433.630     1067.932      687.566   -0.067
   186    19078.867     5451.536     5395.383    1.547
   187     3671.235      515.584      388.058    0.704
   188     4388.835     1021.311      777.732   -0.045
   189    12535.546     2640.491     1684.503    0.923
   190    16514.643     2902.524     1802.033    1.396
   191    21612.490     2734.744     1884.408    1.857
   192    37752.699     5787.168     3729.271    2.879
   193    47577.914     6227.936     4589.873    3.320
   194   116861.094    62899.770    41555.820    4.953
   195   243379.750   104809.516    72918.859    6.573
   196   622165.500   302667.969   217082.516    8.488
   197  1021898.188   331994.969   254266.766    9.728
   198    35612.324     6916.406     4295.052    2.768
   199    45096.273     8731.955     5686.212    3.225
   200    56894.527    12800.487     8149.752    3.681
   201    79576.359    25676.100    16509.172    4.323
   202   238433.328    52962.863    40779.805    6.663
   203   728528.500   205275.859   200535.500    8.985
   204  1569719.875   357465.188   257212.078   10.723
   205    44981.090     9491.269     6093.748    3.216
   206    68295.242    27961.080    19932.418    3.923
   207   144830.625    45509.801    31667.240    5.569
   208    60077.727    11012.043     7307.438    3.801
   209    67916.031     5683.288     3973.159    4.070
   210    77537.547    14698.203     9627.388    4.321
   211    96784.609    22124.953    15515.012    4.761
   212   113309.727    11696.159     8041.185    5.128
   213   149148.297    16757.906    11958.578    5.703
   214   116765.078    56885.547    38683.203    4.984
   215  1025099.125   312472.062   273072.719    9.717
   216  1071516.625   243523.188   222113.766    9.870
   217  1267493.125   207580.984   241610.469   10.245
   218  1550992.000   479514.000   471621.531   10.606
   219  1723292.250   591284.500   512518.750   10.842
   220  1810031.250   468713.875   398464.375   11.080
   221  2022671.625   367067.812   332857.281   11.885
   222   687034.312   261925.453   351771.219    8.644
   223   617687.312   137838.766   143230.031    8.633
   224   807942.438   268551.250   280974.125    9.141
   225   937442.625   426097.500   312022.469    9.429
   226   952905.188   410443.656   326701.688    9.420
   227   908818.812   563239.875   465200.750    8.934
   228  1024737.375   286819.125   232673.562    9.756
   229   100022.352    15780.013    10580.804    4.856
   230   113533.688     6181.819     4818.809    5.138
   231   118902.703    52571.387    37502.660    5.033
   232   128181.742    20803.234    13347.608    5.376
   233   151592.859    19332.027    16473.766    5.730
   234   210276.203    65556.406    52334.461    6.310
   235   238020.547    67786.188    52454.801    6.622
   236    33059.910     1835.143     1424.518    2.646
   237    35905.355     8145.109     5747.733    2.764
   238    48575.203    13954.040     9083.325    3.341
   239   608528.375   134179.781   149257.531    8.583
   240    73974.617    26933.287    19581.848    4.120
   241    76622.445     6843.812     4780.894    4.317
   242     4338.132     1066.093      741.455   -0.020
   243     5483.421      970.584      707.616    0.017
   244     6585.404     1592.027     1375.206    0.202
   245     8132.234     1643.654      990.505    0.458
   246     8746.482      421.368      327.409    0.526
   247     5008.365       98.431       62.227   -0.066
   248     6568.168       93.972       59.310    0.355
   249     3482.591      329.882      230.859    1.146
   250     4106.344      152.988      103.037   -0.106
   251     4696.729      203.931      129.018   -0.120
   252     5503.646      223.784      142.373    0.029
   253     3583.363      618.075      418.223    0.881
   254     4685.299       93.034       67.206   -0.124
   255     3724.875       97.988       76.480    0.859
   256     8173.952       47.466       33.942    0.488
   257     4417.388      968.983      592.576   -0.089
   258     5033.735       59.448       39.422   -0.061
   259     6734.598       87.617       59.527    0.253
   260     6230.086     1219.765      774.166    0.160
   261     7746.004     1471.782      895.520    0.409
   262     4857.281     1201.563      741.090   -0.070
   263     1575.000      500.000      287.228    2.414
   264     2400.000     1250.000      721.110    1.826
   265    12484.243     1517.570      954.018    0.934
   266    16298.438     2846.051     1730.858    1.373
   267    22004.617     3243.497     1972.418    1.892
   268    21125.328     3402.115     2059.901    1.819
   269    37741.027     6834.906     4139.333    2.884
   270    46850.973     2422.140     1704.801    3.325
   271   719346.938   214157.781   151600.828    9.007
   272  1026110.750   312916.750   224678.000    9.774
   273  1670578.375   697101.875   489466.188   10.793
   274  2515269.250   676212.750   466040.500   11.724
   275  3528323.500   957573.062   637550.750   12.446
   276  5116071.000  1856729.500  1241339.875   13.191
